0.7095890410958904
0.6876712328767123
0.7506849315068493
0.5945205479452055
0.5726027397260274
0.5972602739726027
0.5835616438356165
0.6219178082191781
0.5780821917808219
0.6493150684931507
0.6328767123287671
0.5643835616438356
0.5945205479452055
0.7287671232876712
0.6438356164383562
0.7041095890410959
0.7315068493150685
0.6027397260273972
0.6876712328767123
0.6547945205479452
0.5616438356164384
0.6328767123287671
0.6273972602739726
0.6958904109589041
0.6054794520547945
0.5917808219178082
0.7123287671232876
0.6986301369863014
0.7808219178082192
0.6
0.7150684931506849
